function data()
return {
	times = { 0, 83.333, 125, 166.667, 208.333, 250, 291.667, 333.333, 375, 416.667, 458.333, 500, 541.667, 583.333, 625, 666.667, 708.333, 750, 791.667, 833.333, 4166.667, },
	transfs = {
		{ 0.99998879432678, 0, -0.0047295456752181, 0, 0, 1, 0, 0, 0.0047295456752181, 0, 0.99998879432678, 0, 0, 0, 0, 1, },
		{ 0.99983316659927, 0, -0.018264884129167, 0, 0, 1, 0, 0, 0.018264884129167, 0, 0.99983316659927, 0, 0, 0, 0, 1, },
		{ 0.99921476840973, 0, -0.039620094001293, 0, 0, 1, 0, 0, 0.039620094001293, 0, 0.99921476840973, 0, 0, 0, 0, 1, },
		{ 0.9976994395256, 0, -0.06779271364212, 0, 0, 1, 0, 0, 0.06779271364212, 0, 0.9976994395256, 0, 0, 0, 0, 1, },
		{ 0.99480962753296, 0, -0.10175380110741, 0, 0, 1, 0, 0, 0.10175380110741, 0, 0.99480962753296, 0, 0, 0, 0, 1, },
		{ 0.99008882045746, 0, -0.14044252038002, 0, 0, 1, 0, 0, 0.14044252038002, 0, 0.99008882045746, 0, 0, 0, 0, 1, },
		{ 0.98315608501434, 0, -0.18276749551296, 0, 0, 1, 0, 0, 0.18276749551296, 0, 0.98315608501434, 0, 0, 0, 0, 1, },
		{ 0.97375100851059, 0, -0.22761577367783, 0, 0, 1, 0, 0, 0.22761577367783, 0, 0.97375100851059, 0, 0, 0, 0, 1, },
		{ 0.96176701784134, 0, -0.27386879920959, 0, 0, 1, 0, 0, 0.27386879920959, 0, 0.96176701784134, 0, 0, 0, 0, 1, },
		{ 0.94727426767349, 0, -0.32042372226715, 0, 0, 1, 0, 0, 0.32042372226715, 0, 0.94727426767349, 0, 0, 0, 0, 1, },
		{ 0.93052953481674, 0, -0.36621683835983, 0, 0, 1, 0, 0, 0.36621683835983, 0, 0.93052953481674, 0, 0, 0, 0, 1, },
		{ 0.91197443008423, 0, -0.41024702787399, 0, 0, 1, 0, 0, 0.41024702787399, 0, 0.91197443008423, 0, 0, 0, 0, 1, },
		{ 0.89222276210785, 0, -0.45159557461739, 0, 0, 1, 0, 0, 0.45159557461739, 0, 0.89222276210785, 0, 0, 0, 0, 1, },
		{ 0.87203812599182, 0, -0.48943790793419, 0, 0, 1, 0, 0, 0.48943790793419, 0, 0.87203812599182, 0, 0, 0, 0, 1, },
		{ 0.85230320692062, 0, -0.52304804325104, 0, 0, 1, 0, 0, 0.52304804325104, 0, 0.85230320692062, 0, 0, 0, 0, 1, },
		{ 0.83398324251175, 0, -0.5517897605896, 0, 0, 1, 0, 0, 0.5517897605896, 0, 0.83398324251175, 0, 0, 0, 0, 1, },
		{ 0.8180850148201, 0, -0.5750972032547, 0, 0, 1, 0, 0, 0.5750972032547, 0, 0.8180850148201, 0, 0, 0, 0, 1, },
		{ 0.80561244487762, 0, -0.59244281053543, 0, 0, 1, 0, 0, 0.59244281053543, 0, 0.80561244487762, 0, 0, 0, 0, 1, },
		{ 0.79751944541931, 0, -0.6032931804657, 0, 0, 1, 0, 0, 0.6032931804657, 0, 0.79751944541931, 0, 0, 0, 0, 1, },
		{ 0.7946572303772, 0, -0.60705828666687, 0, 0, 1, 0, 0, 0.60705828666687, 0, 0.7946572303772, 0, 0, 0, 0, 1, },
		{ 0.7946572303772, 0, -0.60705828666687, 0, 0, 1, 0, 0, 0.60705828666687, 0, 0.7946572303772, 0, 0, 0, 0, 1, },
	},
}
end
