function data()
return {
	times = { 0, 83.333, 125, 166.667, 208.333, 250, 291.667, 333.333, 375, 416.667, 458.333, 500, 541.667, 583.333, 625, 666.667, 708.333, 750, 791.667, 833.333, 4166.667, },
	transfs = {
		{ 0.99999976158142, 0, 0.0006119137397036, 0, 0, 1, 0, 0, -0.0006119137397036, 0, 0.99999976158142, 0, 0, 0, 0.00062332150992006, 1, },
		{ 0.9999971985817, 0, 0.0023632517550141, 0, 0, 1, 0, 0, -0.0023632517550141, 0, 0.9999971985817, 0, 0, 0, 0.0029232788365334, 1, },
		{ 0.9999868273735, 0, 0.0051273931749165, 0, 0, 1, 0, 0, -0.0051273931749165, 0, 0.9999868273735, 0, 0, 0, 0.0052232360467315, 1, },
		{ 0.99996149539948, 0, 0.0087776836007833, 0, 0, 1, 0, 0, -0.0087776836007833, 0, 0.99996149539948, 0, 0, 0, 0.0089418031275272, 1, },
		{ 0.99991297721863, 0, 0.013187419623137, 0, 0, 1, 0, 0, -0.013187419623137, 0, 0.99991297721863, 0, 0, 0, 0.013433990068734, 1, },
		{ 0.99983382225037, 0, 0.018229797482491, 0, 0, 1, 0, 0, -0.018229797482491, 0, 0.99983382225037, 0, 0, 0, 0.018571319058537, 1, },
		{ 0.99971723556519, 0, 0.02377799525857, 0, 0, 1, 0, 0, -0.02377799525857, 0, 0.99971723556519, 0, 0, 0, 0.024224394932389, 1, },
		{ 0.99955862760544, 0, 0.029705101624131, 0, 0, 1, 0, 0, -0.029705101624131, 0, 0.99955862760544, 0, 0, 0, 0.030264433473349, 1, },
		{ 0.9993559718132, 0, 0.035884197801352, 0, 0, 1, 0, 0, -0.035884197801352, 0, 0.9993559718132, 0, 0, 0, 0.036562345921993, 1, },
		{ 0.99910962581635, 0, 0.042188428342342, 0, 0, 1, 0, 0, -0.042188428342342, 0, 0.99910962581635, 0, 0, 0, 0.042989194393158, 1, },
		{ 0.99882364273071, 0, 0.048490978777409, 0, 0, 1, 0, 0, -0.048490978777409, 0, 0.99882364273071, 0, 0, 0, 0.049416046589613, 1, },
		{ 0.99850475788116, 0, 0.054665181785822, 0, 0, 1, 0, 0, -0.054665181785822, 0, 0.99850475788116, 0, 0, 0, 0.055713959038258, 1, },
		{ 0.99816304445267, 0, 0.060584552586079, 0, 0, 1, 0, 0, -0.060584552586079, 0, 0.99816304445267, 0, 0, 0, 0.061753995716572, 1, },
		{ 0.99781143665314, 0, 0.066122815012932, 0, 0, 1, 0, 0, -0.066122815012932, 0, 0.99781143665314, 0, 0, 0, 0.067407071590424, 1, },
		{ 0.99746537208557, 0, 0.071153931319714, 0, 0, 1, 0, 0, -0.071153931319714, 0, 0.99746537208557, 0, 0, 0, 0.072544246912003, 1, },
		{ 0.99714183807373, 0, 0.0755520388484, 0, 0, 1, 0, 0, -0.0755520388484, 0, 0.99714183807373, 0, 0, 0, 0.077036432921886, 1, },
		{ 0.99685937166214, 0, 0.079191491007805, 0, 0, 1, 0, 0, -0.079191491007805, 0, 0.99685937166214, 0, 0, 0, 0.080303646624088, 1, },
		{ 0.99663668870926, 0, 0.081946663558483, 0, 0, 1, 0, 0, -0.081946663558483, 0, 0.99663668870926, 0, 0, 0, 0.083571009337902, 1, },
		{ 0.99649167060852, 0, 0.083691976964474, 0, 0, 1, 0, 0, -0.083691976964474, 0, 0.99649167060852, 0, 0, 0, 0.08360031247139, 1, },
		{ 0.99644029140472, 0, 0.084301725029945, 0, 0, 1, 0, 0, -0.084301725029945, 0, 0.99644029140472, 0, 0, 0, 0.083629757165909, 1, },
		{ 0.99644029140472, 0, 0.084301725029945, 0, 0, 1, 0, 0, -0.084301725029945, 0, 0.99644029140472, 0, 0, 0, 0.085978388786316, 1, },
	},
}
end
