function data()
return {
	times = { 0, 83.333, 125, 166.667, 208.333, 250, 291.667, 333.333, 375, 416.667, 458.333, 500, 541.667, 583.333, 625, 666.667, 708.333, 750, 791.667, 833.333, 4166.667, },
	transfs = {
		{ 0.99999094009399, 0, -0.0042628971859813, 0, 0, 1, 0, 0, 0.0042628971859813, 0, 0.99999094009399, 0, 0, 0, 0, 1, },
		{ 0.99986445903778, 0, -0.016462912783027, 0, 0, 1, 0, 0, 0.016462912783027, 0, 0.99986445903778, 0, 0, 0, 0, 1, },
		{ 0.99936211109161, 0, -0.035712655633688, 0, 0, 1, 0, 0, 0.035712655633688, 0, 0.99936211109161, 0, 0, 0, 0, 1, },
		{ 0.99813079833984, 0, -0.061112601310015, 0, 0, 1, 0, 0, 0.061112601310015, 0, 0.99813079833984, 0, 0, 0, 0, 1, },
		{ 0.99578255414963, 0, -0.091743856668472, 0, 0, 1, 0, 0, 0.091743856668472, 0, 0.99578255414963, 0, 0, 0, 0, 1, },
		{ 0.9919456243515, 0, -0.12666416168213, 0, 0, 1, 0, 0, 0.12666416168213, 0, 0.9919456243515, 0, 0, 0, 0, 1, },
		{ 0.98630881309509, 0, -0.16490878164768, 0, 0, 1, 0, 0, 0.16490878164768, 0, 0.98630881309509, 0, 0, 0, 0, 1, },
		{ 0.97865772247314, 0, -0.20549707114697, 0, 0, 1, 0, 0, 0.20549707114697, 0, 0.97865772247314, 0, 0, 0, 0, 1, },
		{ 0.96890211105347, 0, -0.24744437634945, 0, 0, 1, 0, 0, 0.24744437634945, 0, 0.96890211105347, 0, 0, 0, 0, 1, },
		{ 0.95709413290024, 0, -0.28977704048157, 0, 0, 1, 0, 0, 0.28977704048157, 0, 0.95709413290024, 0, 0, 0, 0, 1, },
		{ 0.94343769550323, 0, -0.33154982328415, 0, 0, 1, 0, 0, 0.33154982328415, 0, 0.94343769550323, 0, 0, 0, 0, 1, },
		{ 0.92828720808029, 0, -0.3718638420105, 0, 0, 1, 0, 0, 0.3718638420105, 0, 0.92828720808029, 0, 0, 0, 0, 1, },
		{ 0.91213953495026, 0, -0.40987971425056, 0, 0, 1, 0, 0, 0.40987971425056, 0, 0.91213953495026, 0, 0, 0, 0, 1, },
		{ 0.89561593532562, 0, -0.44482815265656, 0, 0, 1, 0, 0, 0.44482815265656, 0, 0.89561593532562, 0, 0, 0, 0, 1, },
		{ 0.87943869829178, 0, -0.47601214051247, 0, 0, 1, 0, 0, 0.47601214051247, 0, 0.87943869829178, 0, 0, 0, 0, 1, },
		{ 0.86440181732178, 0, -0.50280159711838, 0, 0, 1, 0, 0, 0.50280159711838, 0, 0.86440181732178, 0, 0, 0, 0, 1, },
		{ 0.8513371348381, 0, -0.52461898326874, 0, 0, 1, 0, 0, 0.52461898326874, 0, 0.8513371348381, 0, 0, 0, 0, 1, },
		{ 0.8410776257515, 0, -0.54091441631317, 0, 0, 1, 0, 0, 0.54091441631317, 0, 0.8410776257515, 0, 0, 0, 0, 1, },
		{ 0.83441555500031, 0, -0.55113571882248, 0, 0, 1, 0, 0, 0.55113571882248, 0, 0.83441555500031, 0, 0, 0, 0, 1, },
		{ 0.83205860853195, 0, -0.55468773841858, 0, 0, 1, 0, 0, 0.55468773841858, 0, 0.83205860853195, 0, 0, 0, 0, 1, },
		{ 0.83205860853195, 0, -0.55468773841858, 0, 0, 1, 0, 0, 0.55468773841858, 0, 0.83205860853195, 0, 0, 0, 0, 1, },
	},
}
end
