function data()
return {
	times = { 41.667, 83.333, 125, 166.667, 208.333, 250, 291.667, 333.333, 375, 416.667, 458.333, 500, 541.667, 583.333, 625, 666.667, 708.333, 750, 791.667, 833.333, 875, 916.667, 958.333, 1000, 1041.667, 1083.333, 1125, 1166.667, 1208.333, 1250, 4166.667, },
	transfs = {
		{ 0.99999940395355, 0, -0.0010922754881904, 0, 0, 1, 0, 0, 0.0010922754881904, 0, 0.99999940395355, 0, 0, 0, 0, 1, },
		{ 0.9999908208847, 0, -0.0042697903700173, 0, 0, 1, 0, 0, 0.0042697903700173, 0, 0.9999908208847, 0, 0, 0, 0, 1, },
		{ 0.99995595216751, 0, -0.0093835024163127, 0, 0, 1, 0, 0, 0.0093835024163127, 0, 0.99995595216751, 0, 0, 0, 0, 1, },
		{ 0.99986737966537, 0, -0.016284117475152, 0, 0, 1, 0, 0, 0.016284117475152, 0, 0.99986737966537, 0, 0, 0, 0, 1, },
		{ 0.99969190359116, 0, -0.024821892380714, 0, 0, 1, 0, 0, 0.024821892380714, 0, 0.99969190359116, 0, 0, 0, 0, 1, },
		{ 0.99939268827438, 0, -0.034846466034651, 0, 0, 1, 0, 0, 0.034846466034651, 0, 0.99939268827438, 0, 0, 0, 0, 1, },
		{ 0.99893182516098, 0, -0.046206656843424, 0, 0, 1, 0, 0, 0.046206656843424, 0, 0.99893182516098, 0, 0, 0, 0, 1, },
		{ 0.99827265739441, 0, -0.058750428259373, 0, 0, 1, 0, 0, 0.058750428259373, 0, 0.99827265739441, 0, 0, 0, 0, 1, },
		{ 0.99738109111786, 0, -0.072324872016907, 0, 0, 1, 0, 0, 0.072324872016907, 0, 0.99738109111786, 0, 0, 0, 0, 1, },
		{ 0.99622774124146, 0, -0.086776278913021, 0, 0, 1, 0, 0, 0.086776278913021, 0, 0.99622774124146, 0, 0, 0, 0, 1, },
		{ 0.99478942155838, 0, -0.10195031017065, 0, 0, 1, 0, 0, 0.10195031017065, 0, 0.99478942155838, 0, 0, 0, 0, 1, },
		{ 0.99305009841919, 0, -0.11769236624241, 0, 0, 1, 0, 0, 0.11769236624241, 0, 0.99305009841919, 0, 0, 0, 0, 1, },
		{ 0.99100190401077, 0, -0.1338476985693, 0, 0, 1, 0, 0, 0.1338476985693, 0, 0.99100190401077, 0, 0, 0, 0, 1, },
		{ 0.98864620923996, 0, -0.15026199817657, 0, 0, 1, 0, 0, 0.15026199817657, 0, 0.98864620923996, 0, 0, 0, 0, 1, },
		{ 0.98599380254745, 0, -0.16678193211555, 0, 0, 1, 0, 0, 0.16678193211555, 0, 0.98599380254745, 0, 0, 0, 0, 1, },
		{ 0.983065366745, 0, -0.18325516581535, 0, 0, 1, 0, 0, 0.18325516581535, 0, 0.983065366745, 0, 0, 0, 0, 1, },
		{ 0.97989141941071, 0, -0.19953113794327, 0, 0, 1, 0, 0, 0.19953113794327, 0, 0.97989141941071, 0, 0, 0, 0, 1, },
		{ 0.97651237249374, 0, -0.21546134352684, 0, 0, 1, 0, 0, 0.21546134352684, 0, 0.97651237249374, 0, 0, 0, 0, 1, },
		{ 0.97297757863998, 0, -0.23089961707592, 0, 0, 1, 0, 0, 0.23089961707592, 0, 0.97297757863998, 0, 0, 0, 0, 1, },
		{ 0.96934521198273, 0, -0.24570260941982, 0, 0, 1, 0, 0, 0.24570260941982, 0, 0.96934521198273, 0, 0, 0, 0, 1, },
		{ 0.96568149328232, 0, -0.25972929596901, 0, 0, 1, 0, 0, 0.25972929596901, 0, 0.96568149328232, 0, 0, 0, 0, 1, },
		{ 0.9620589017868, 0, -0.27284184098244, 0, 0, 1, 0, 0, 0.27284184098244, 0, 0.9620589017868, 0, 0, 0, 0, 1, },
		{ 0.95855581760406, 0, -0.28490453958511, 0, 0, 1, 0, 0, 0.28490453958511, 0, 0.95855581760406, 0, 0, 0, 0, 1, },
		{ 0.95525467395782, 0, -0.29578441381454, 0, 0, 1, 0, 0, 0.29578441381454, 0, 0.95525467395782, 0, 0, 0, 0, 1, },
		{ 0.95224034786224, 0, -0.30534958839417, 0, 0, 1, 0, 0, 0.30534958839417, 0, 0.95224034786224, 0, 0, 0, 0, 1, },
		{ 0.94959801435471, 0, -0.31347012519836, 0, 0, 1, 0, 0, 0.31347012519836, 0, 0.94959801435471, 0, 0, 0, 0, 1, },
		{ 0.94741213321686, 0, -0.32001599669456, 0, 0, 1, 0, 0, 0.32001599669456, 0, 0.94741213321686, 0, 0, 0, 0, 1, },
		{ 0.94576328992844, 0, -0.32485663890839, 0, 0, 1, 0, 0, 0.32485663890839, 0, 0.94576328992844, 0, 0, 0, 0, 1, },
		{ 0.94472616910934, 0, -0.32786026597023, 0, 0, 1, 0, 0, 0.32786026597023, 0, 0.94472616910934, 0, 0, 0, 0, 1, },
		{ 0.94436758756638, 0, -0.32889187335968, 0, 0, 1, 0, 0, 0.32889187335968, 0, 0.94436758756638, 0, 0, 0, 0, 1, },
		{ 0.94436758756638, 0, -0.32889187335968, 0, 0, 1, 0, 0, 0.32889187335968, 0, 0.94436758756638, 0, 0, 0, 0, 1, },
	},
}
end
