function data()
return {
	times = { 41.667, 83.333, 125, 166.667, 208.333, 250, 291.667, 333.333, 375, 416.667, 458.333, 500, 541.667, 583.333, 625, 666.667, 708.333, 750, 791.667, 833.333, 4166.667, },
	transfs = {
		{ 0.99999839067459, 0, -0.0018069398356602, 0, 0, 1, 0, 0, 0.0018069398356602, 0, 0.99999839067459, 0, 0, 0, 0, 1, },
		{ 0.99997556209564, 0, -0.0069784740917385, 0, 0, 1, 0, 0, 0.0069784740917385, 0, 0.99997556209564, 0, 0, 0, 0, 1, },
		{ 0.99988532066345, 0, -0.015140337869525, 0, 0, 1, 0, 0, 0.015140337869525, 0, 0.99988532066345, 0, 0, 0, 0, 1, },
		{ 0.99966406822205, 0, -0.02591735124588, 0, 0, 1, 0, 0, 0.02591735124588, 0, 0.99966406822205, 0, 0, 0, 0, 1, },
		{ 0.99924176931381, 0, -0.038932841271162, 0, 0, 1, 0, 0, 0.038932841271162, 0, 0.99924176931381, 0, 0, 0, 0, 1, },
		{ 0.99855130910873, 0, -0.053808361291885, 0, 0, 1, 0, 0, 0.053808361291885, 0, 0.99855130910873, 0, 0, 0, 0, 1, },
		{ 0.99753540754318, 0, -0.070163749158382, 0, 0, 1, 0, 0, 0.070163749158382, 0, 0.99753540754318, 0, 0, 0, 0, 1, },
		{ 0.9961541891098, 0, -0.087617583572865, 0, 0, 1, 0, 0, 0.087617583572865, 0, 0.9961541891098, 0, 0, 0, 0, 1, },
		{ 0.99438863992691, 0, -0.10578809678555, 0, 0, 1, 0, 0, 0.10578809678555, 0, 0.99438863992691, 0, 0, 0, 0, 1, },
		{ 0.99224531650543, 0, -0.12429435551167, 0, 0, 1, 0, 0, 0.12429435551167, 0, 0.99224531650543, 0, 0, 0, 0, 1, },
		{ 0.98975765705109, 0, -0.14275740087032, 0, 0, 1, 0, 0, 0.14275740087032, 0, 0.98975765705109, 0, 0, 0, 0, 1, },
		{ 0.98698669672012, 0, -0.16080194711685, 0, 0, 1, 0, 0, 0.16080194711685, 0, 0.98698669672012, 0, 0, 0, 0, 1, },
		{ 0.98402017354965, 0, -0.17805713415146, 0, 0, 1, 0, 0, 0.17805713415146, 0, 0.98402017354965, 0, 0, 0, 0, 1, },
		{ 0.98097026348114, 0, -0.19415777921677, 0, 0, 1, 0, 0, 0.19415777921677, 0, 0.98097026348114, 0, 0, 0, 0, 1, },
		{ 0.97797030210495, 0, -0.2087440341711, 0, 0, 1, 0, 0, 0.2087440341711, 0, 0.97797030210495, 0, 0, 0, 0, 1, },
		{ 0.97516906261444, 0, -0.22146154940128, 0, 0, 1, 0, 0, 0.22146154940128, 0, 0.97516906261444, 0, 0, 0, 0, 1, },
		{ 0.97272527217865, 0, -0.23196013271809, 0, 0, 1, 0, 0, 0.23196013271809, 0, 0.97272527217865, 0, 0, 0, 0, 1, },
		{ 0.97079956531525, 0, -0.23989205062389, 0, 0, 1, 0, 0, 0.23989205062389, 0, 0.97079956531525, 0, 0, 0, 0, 1, },
		{ 0.96954590082169, 0, -0.24490940570831, 0, 0, 1, 0, 0, 0.24490940570831, 0, 0.96954590082169, 0, 0, 0, 0, 1, },
		{ 0.96910184621811, 0, -0.2466609030962, 0, 0, 1, 0, 0, 0.2466609030962, 0, 0.96910184621811, 0, 0, 0, 0, 1, },
		{ 0.96910184621811, 0, -0.2466609030962, 0, 0, 1, 0, 0, 0.2466609030962, 0, 0.96910184621811, 0, 0, 0, 0, 1, },
	},
}
end
