function data()
return {
	times = { 0, 83.333, 125, 166.667, 208.333, 250, 291.667, 333.333, 375, 416.667, 458.333, 500, 541.667, 583.333, 625, 666.667, 708.333, 750, 791.667, 833.333, 875, 916.667, 958.333, 1000, 1041.667, 1083.333, 1125, 1166.667, 1208.333, 1250, 4166.667, },
	transfs = {
		{ 0.99999922513962, 0, 0.0012217540061101, 0, 0, 1, 0, 0, -0.0012217540061101, 0, 0.99999922513962, 0, 0, 0, 0, 1, },
		{ 0.99998861551285, 0, 0.004775928799063, 0, 0, 1, 0, 0, -0.004775928799063, 0, 0.99998861551285, 0, 0, 0, 0, 1, },
		{ 0.99994492530823, 0, 0.010495783761144, 0, 0, 1, 0, 0, -0.010495783761144, 0, 0.99994492530823, 0, 0, 0, 0, 1, },
		{ 0.99983412027359, 0, 0.018214231356978, 0, 0, 1, 0, 0, -0.018214231356978, 0, 0.99983412027359, 0, 0, 0, 0, 1, },
		{ 0.99961447715759, 0, 0.02776356972754, 0, 0, 1, 0, 0, -0.02776356972754, 0, 0.99961447715759, 0, 0, 0, 0, 1, },
		{ 0.99924010038376, 0, 0.038975186645985, 0, 0, 1, 0, 0, -0.038975186645985, 0, 0.99924010038376, 0, 0, 0, 0, 1, },
		{ 0.99866372346878, 0, 0.051679387688637, 0, 0, 1, 0, 0, -0.051679387688637, 0, 0.99866372346878, 0, 0, 0, 0, 1, },
		{ 0.99783903360367, 0, 0.065705217421055, 0, 0, 1, 0, 0, -0.065705217421055, 0, 0.99783903360367, 0, 0, 0, 0, 1, },
		{ 0.99672377109528, 0, 0.080880507826805, 0, 0, 1, 0, 0, -0.080880507826805, 0, 0.99672377109528, 0, 0, 0, 0, 1, },
		{ 0.99528121948242, 0, 0.097032077610493, 0, 0, 1, 0, 0, -0.097032077610493, 0, 0.99528121948242, 0, 0, 0, 0, 1, },
		{ 0.99348241090775, 0, 0.11398570239544, 0, 0, 1, 0, 0, -0.11398570239544, 0, 0.99348241090775, 0, 0, 0, 0, 1, },
		{ 0.9913073182106, 0, 0.13156689703465, 0, 0, 1, 0, 0, -0.13156689703465, 0, 0.9913073182106, 0, 0, 0, 0, 1, },
		{ 0.98874640464783, 0, 0.14960092306137, 0, 0, 1, 0, 0, -0.14960092306137, 0, 0.98874640464783, 0, 0, 0, 0, 1, },
		{ 0.98580169677734, 0, 0.167913839221, 0, 0, 1, 0, 0, -0.167913839221, 0, 0.98580169677734, 0, 0, 0, 0, 1, },
		{ 0.98248672485352, 0, 0.18633271753788, 0, 0, 1, 0, 0, -0.18633271753788, 0, 0.98248672485352, 0, 0, 0, 0, 1, },
		{ 0.9788276553154, 0, 0.20468625426292, 0, 0, 1, 0, 0, -0.20468625426292, 0, 0.9788276553154, 0, 0, 0, 0, 1, },
		{ 0.97486281394958, 0, 0.22280576825142, 0, 0, 1, 0, 0, -0.22280576825142, 0, 0.97486281394958, 0, 0, 0, 0, 1, },
		{ 0.97064280509949, 0, 0.24052518606186, 0, 0, 1, 0, 0, -0.24052518606186, 0, 0.97064280509949, 0, 0, 0, 0, 1, },
		{ 0.96622973680496, 0, 0.25768193602562, 0, 0, 1, 0, 0, -0.25768193602562, 0, 0.96622973680496, 0, 0, 0, 0, 1, },
		{ 0.96169626712799, 0, 0.27411699295044, 0, 0, 1, 0, 0, -0.27411699295044, 0, 0.96169626712799, 0, 0, 0, 0, 1, },
		{ 0.95712506771088, 0, 0.28967499732971, 0, 0, 1, 0, 0, -0.28967499732971, 0, 0.95712506771088, 0, 0, 0, 0, 1, },
		{ 0.95260655879974, 0, 0.30420506000519, 0, 0, 1, 0, 0, -0.30420506000519, 0, 0.95260655879974, 0, 0, 0, 0, 1, },
		{ 0.94823855161667, 0, 0.31755876541138, 0, 0, 1, 0, 0, -0.31755876541138, 0, 0.94823855161667, 0, 0, 0, 0, 1, },
		{ 0.94412350654602, 0, 0.32959187030792, 0, 0, 1, 0, 0, -0.32959187030792, 0, 0.94412350654602, 0, 0, 0, 0, 1, },
		{ 0.94036686420441, 0, 0.34016200900078, 0, 0, 1, 0, 0, -0.34016200900078, 0, 0.94036686420441, 0, 0, 0, 0, 1, },
		{ 0.93707478046417, 0, 0.34912857413292, 0, 0, 1, 0, 0, -0.34912857413292, 0, 0.93707478046417, 0, 0, 0, 0, 1, },
		{ 0.93435180187225, 0, 0.3563517332077, 0, 0, 1, 0, 0, -0.3563517332077, 0, 0.93435180187225, 0, 0, 0, 0, 1, },
		{ 0.93229830265045, 0, 0.36169028282166, 0, 0, 1, 0, 0, -0.36169028282166, 0, 0.93229830265045, 0, 0, 0, 0, 1, },
		{ 0.9310068488121, 0, 0.36500170826912, 0, 0, 1, 0, 0, -0.36500170826912, 0, 0.9310068488121, 0, 0, 0, 0, 1, },
		{ 0.93056017160416, 0, 0.36613881587982, 0, 0, 1, 0, 0, -0.36613881587982, 0, 0.93056017160416, 0, 0, 0, 0, 1, },
		{ 0.93056017160416, 0, 0.36613881587982, 0, 0, 1, 0, 0, -0.36613881587982, 0, 0.93056017160416, 0, 0, 0, 0, 1, },
	},
}
end
