function data()
return {
	times = { 0, 83.333, 125, 166.667, 208.333, 250, 291.667, 333.333, 375, 416.667, 458.333, 500, 541.667, 583.333, 625, 666.667, 708.333, 750, 791.667, 833.333, 875, 916.667, 958.333, 1000, 1041.667, 1083.333, 1125, 1166.667, 1208.333, 1250, 4166.667, },
	transfs = {
		{ 1, 0, 0, 0, 0, 0.99999874830246, -0.0015722911339253, 0, 0, 0.0015722911339253, 0.99999874830246, 0, 0, 0, 0, 1, },
		{ 1, 0, 0, 0, 0, 0.99998104572296, -0.0061461925506592, 0, 0, 0.0061461925506592, 0.99998104572296, 0, 0, 0, 0, 1, },
		{ 1, 0, 0, 0, 0, 0.99990880489349, -0.013507002964616, 0, 0, 0.013507002964616, 0.99990880489349, 0, 0, 0, 0, 1, },
		{ 1, 0, 0, 0, 0, 0.99972522258759, -0.023439290001988, 0, 0, 0.023439290001988, 0.99972522258759, 0, 0, 0, 0, 1, },
		{ 1, 0, 0, 0, 0, 0.99936163425446, -0.035726297646761, 0, 0, 0.035726297646761, 0.99936163425446, 0, 0, 0, 0, 1, },
		{ 1, 0, 0, 0, 0, 0.99874174594879, -0.050149351358414, 0, 0, 0.050149351358414, 0.99874174594879, 0, 0, 0, 0, 1, },
		{ 1, 0, 0, 0, 0, 0.99778723716736, -0.066487431526184, 0, 0, 0.066487431526184, 0.99778723716736, 0, 0, 0, 0, 1, },
		{ 1, 0, 0, 0, 0, 0.99642205238342, -0.084516949951649, 0, 0, 0.084516949951649, 0.99642205238342, 0, 0, 0, 0, 1, },
		{ 1, 0, 0, 0, 0, 0.99457603693008, -0.10401158034801, 0, 0, 0.10401158034801, 0.99457603693008, 0, 0, 0, 0, 1, },
		{ 1, 0, 0, 0, 0, 0.99218904972076, -0.12474285066128, 0, 0, 0.12474285066128, 0.99218904972076, 0, 0, 0, 0, 1, },
		{ 1, 0, 0, 0, 0, 0.98921358585358, -0.14648032188416, 0, 0, 0.14648032188416, 0.98921358585358, 0, 0, 0, 0, 1, },
		{ 1, 0, 0, 0, 0, 0.98561728000641, -0.16899259388447, 0, 0, 0.16899259388447, 0.98561728000641, 0, 0, 0, 0, 1, },
		{ 1, 0, 0, 0, 0, 0.98138546943665, -0.19204840064049, 0, 0, 0.19204840064049, 0.98138546943665, 0, 0, 0, 0, 1, },
		{ 1, 0, 0, 0, 0, 0.97652208805084, -0.21541732549667, 0, 0, 0.21541732549667, 0.97652208805084, 0, 0, 0, 0, 1, },
		{ 1, 0, 0, 0, 0, 0.9710510969162, -0.23887178301811, 0, 0, 0.23887178301811, 0.9710510969162, 0, 0, 0, 0, 1, },
		{ 1, 0, 0, 0, 0, 0.96501690149307, -0.26218765974045, 0, 0, 0.26218765974045, 0.96501690149307, 0, 0, 0, 0, 1, },
		{ 1, 0, 0, 0, 0, 0.9584841132164, -0.28514593839645, 0, 0, 0.28514593839645, 0.9584841132164, 0, 0, 0, 0, 1, },
		{ 1, 0, 0, 0, 0, 0.95153713226318, -0.30753383040428, 0, 0, 0.30753383040428, 0.95153713226318, 0, 0, 0, 0, 1, },
		{ 1, 0, 0, 0, 0, 0.94427931308746, -0.32914531230927, 0, 0, 0.32914531230927, 0.94427931308746, 0, 0, 0, 0, 1, },
		{ 1, 0, 0, 0, 0, 0.93683087825775, -0.34978252649307, 0, 0, 0.34978252649307, 0.93683087825775, 0, 0, 0, 0, 1, },
		{ 1, 0, 0, 0, 0, 0.92932796478271, -0.36925530433655, 0, 0, 0.36925530433655, 0.92932796478271, 0, 0, 0, 0, 1, },
		{ 1, 0, 0, 0, 0, 0.921919465065, -0.38738158345222, 0, 0, 0.38738158345222, 0.921919465065, 0, 0, 0, 0, 1, },
		{ 1, 0, 0, 0, 0, 0.91476476192474, -0.40398693084717, 0, 0, 0.40398693084717, 0.91476476192474, 0, 0, 0, 0, 1, },
		{ 1, 0, 0, 0, 0, 0.90803074836731, -0.41890335083008, 0, 0, 0.41890335083008, 0.90803074836731, 0, 0, 0, 0, 1, },
		{ 1, 0, 0, 0, 0, 0.90188896656036, -0.43196794390678, 0, 0, 0.43196794390678, 0.90188896656036, 0, 0, 0, 0, 1, },
		{ 1, 0, 0, 0, 0, 0.89651095867157, -0.44302153587341, 0, 0, 0.44302153587341, 0.89651095867157, 0, 0, 0, 0, 1, },
		{ 1, 0, 0, 0, 0, 0.89206582307816, -0.45190545916557, 0, 0, 0.45190545916557, 0.89206582307816, 0, 0, 0, 0, 1, },
		{ 1, 0, 0, 0, 0, 0.88871514797211, -0.45845979452133, 0, 0, 0.45845979452133, 0.88871514797211, 0, 0, 0, 0, 1, },
		{ 1, 0, 0, 0, 0, 0.88660883903503, -0.46251997351646, 0, 0, 0.46251997351646, 0.88660883903503, 0, 0, 0, 0, 1, },
		{ 1, 0, 0, 0, 0, 0.88588052988052, -0.46391332149506, 0, 0, 0.46391332149506, 0.88588052988052, 0, 0, 0, 0, 1, },
		{ 1, 0, 0, 0, 0, 0.88588052988052, -0.46391332149506, 0, 0, 0.46391332149506, 0.88588052988052, 0, 0, 0, 0, 1, },
	},
}
end
